26
0 3737 9841 2482 2035 5058 12093 11169 10038 11446 2392 6350 7929 4714 5933 6779 3409 1313 10593 8895 9506 12360 5470 2858 3403 10974
3737 0 7334 1557 2872 2551 9586 8662 7531 8939 2349 3843 5422 2207 3426 4272 5346 3250 8086 6388 6999 9853 2963 4795 5340 8467
9841 7334 0 7661 8976 6673 3212 2288 1653 2565 8453 3643 2408 6063 5072 3218 11450 9354 1712 2214 1467 3479 5671 10899 11444 2093
2482 1557 7661 0 1617 2878 9913 8989 7858 9266 1094 4170 5749 2534 3753 4599 4091 1995 8413 6715 7326 10180 3290 3540 4085 8794
2035 2872 8976 1617 0 4193 11228 10304 9173 10581 1527 5485 7064 3849 5068 5914 3644 1548 9728 8030 8641 11495 4605 3093 3638 10109
5058 2551 6673 2878 4193 0 8925 8001 6870 8278 3670 3182 4761 1546 2765 3611 6667 4571 7425 5727 6338 9192 2302 6116 6661 7806
12093 9586 3212 9913 11228 8925 0 2874 3905 1769 10705 5895 4660 8315 7324 5470 13702 11606 2054 4466 3719 1645 7923 13151 13696 1985
11169 8662 2288 8989 10304 8001 2874 0 2981 2227 9781 4971 3736 7391 6400 4546 12778 10682 1374 3542 2795 3141 6999 12227 12772 1755
10038 7531 1653 7858 9173 6870 3905 2981 0 3258 8650 3840 2605 6260 5269 3415 11647 9551 2405 2411 1664 4172 5868 11096 11641 2786
11446 8939 2565 9266 10581 8278 1769 2227 3258 0 10058 5248 4013 7668 6677 4823 13055 10959 1407 3819 3072 2036 7276 12504 13049 1338
2392 2349 8453 1094 1527 3670 10705 9781 8650 10058 0 4962 6541 3326 4545 5391 4001 1905 9205 7507 8118 10972 4082 3450 3995 9586
6350 3843 3643 4170 5485 3182 5895 4971 3840 5248 4962 0 1731 2572 1581 581 7959 5863 4395 2697 3308 6162 2180 7408 7953 4776
7929 5422 2408 5749 7064 4761 4660 3736 2605 4013 6541 1731 0 4151 3160 1306 9538 7442 3160 1462 2073 4927 3759 8987 9532 3541
4714 2207 6063 2534 3849 1546 8315 7391 6260 7668 3326 2572 4151 0 2155 3001 6323 4227 6815 5117 5728 8582 1692 5772 6317 7196
5933 3426 5072 3753 5068 2765 7324 6400 5269 6677 4545 1581 3160 2155 0 2010 7542 5446 5824 4126 4737 7591 1763 6991 7536 6205
6779 4272 3218 4599 5914 3611 5470 4546 3415 4823 5391 581 1306 3001 2010 0 8388 6292 3970 2272 2883 5737 2609 7837 8382 4351
3409 5346 11450 4091 3644 6667 13702 12778 11647 13055 4001 7959 9538 6323 7542 8388 0 2678 12202 10504 11115 13969 7079 2445 1856 12583
1313 3250 9354 1995 1548 4571 11606 10682 9551 10959 1905 5863 7442 4227 5446 6292 2678 0 10106 8408 9019 11873 4983 2127 2672 10487
10593 8086 1712 8413 9728 7425 2054 1374 2405 1407 9205 4395 3160 6815 5824 3970 12202 10106 0 2966 2219 2321 6423 11651 12196 935
8895 6388 2214 6715 8030 5727 4466 3542 2411 3819 7507 2697 1462 5117 4126 2272 10504 8408 2966 0 1879 4733 4725 9953 10498 3347
9506 6999 1467 7326 8641 6338 3719 2795 1664 3072 8118 3308 2073 5728 4737 2883 11115 9019 2219 1879 0 3986 5336 10564 11109 2600
12360 9853 3479 10180 11495 9192 1645 3141 4172 2036 10972 6162 4927 8582 7591 5737 13969 11873 2321 4733 3986 0 8190 13418 13963 2252
5470 2963 5671 3290 4605 2302 7923 6999 5868 7276 4082 2180 3759 1692 1763 2609 7079 4983 6423 4725 5336 8190 0 6528 7073 6804
2858 4795 10899 3540 3093 6116 13151 12227 11096 12504 3450 7408 8987 5772 6991 7837 2445 2127 11651 9953 10564 13418 6528 0 2439 12032
3403 5340 11444 4085 3638 6661 13696 12772 11641 13049 3995 7953 9532 6317 7536 8382 1856 2672 12196 10498 11109 13963 7073 2439 0 12577
10974 8467 2093 8794 10109 7806 1985 1755 2786 1338 9586 4776 3541 7196 6205 4351 12583 10487 935 3347 2600 2252 6804 12032 12577 0
